ID	group	P1	N1	P2	P3	N2	P4	N3	N4	N5	P5	P6	N6	P7	N7	P8	N8	P9	P10	N9	N10	tlx-1	tlx-2	tlx-3	tlx-4	tlx-5	strat
sports_01	swim	3.00	1.00	4.00	4.00	1.00	3.00	1.00	1.00	1.00	4.00	3.00	1.00	4.00	1.00	3.00	1.00	5.00	4.00	2.00	1.00	0.00	2.00	1.00	2.00	1.00	99
sports_02	swim	3.00	1.00	4.00	2.00	1.00	3.00	1.00	1.00	1.00	1.00	2.00	1.00	3.00	1.00	4.00	1.00	4.00	3.00	1.00	1.00	4.00	4.00	4.50	4.50	3.00	5
sports_03	swim	4.00	1.00	5.00	3.00	1.00	2.00	1.00	1.00	1.00	2.00	4.00	1.00	4.00	1.00	5.00	1.00	1.00	4.00	2.00	1.00	1.50	6.50	0.50	3.00	1.00	4
sports_04	swim	4.00	1.00	2.00	3.00	1.00	2.00	1.00	1.00	1.00	2.00	3.00	1.00	3.00	1.00	4.00	1.00	3.00	4.00	1.00	1.00	8.50	3.00	1.50	3.00	3.00	1
sports_05	swim	4.00	1.00	3.00	4.00	1.00	3.00	1.00	1.00	1.00	1.00	1.00	1.00	2.00	1.00	3.00	2.00	3.00	3.00	1.00	1.00	1.50	3.50	2.50	3.50	0.50	2.00
sports_06	swim	4.00	1.00	4.00	4.00	1.00	2.00	1.00	1.00	1.00	5.00	2.00	1.00	3.00	1.00	5.00	1.00	3.00	4.00	1.00	1.00	0.00	6.50	2.50	6.00	1.50	2.00
sports_07	swim	3.00	1.00	4.00	3.00	1.00	3.00	1.00	1.00	1.00	2.00	3.00	1.00	4.00	1.00	5.00	1.00	5.00	5.00	1.00	1.00	0.50	1.50	5.00	0.50	0.50	99.00
sports_08	swim	2.00	1.00	1.00	2.00	1.00	3.00	1.00	1.00	1.00	3.00	4.00	1.00	2.00	1.00	2.00	1.00	1.00	2.00	1.00	1.00	0.50	4.50	4.50	4.50	0.50	2.00
sports_09	swim	5.00	2.00	5.00	5.00	1.00	4.00	1.00	1.00	1.00	4.00	5.00	5.00	5.00	1.00	5.00	3.00	5.00	5.00	2.00	1.00	1.00	4.50	0.50	4.00	0.00	99.00
sports_10	swim	3.00	1.00	5.00	4.00	1.00	2.00	1.00	1.00	1.00	3.00	4.00	2.00	3.00	1.00	3.00	1.00	2.00	3.00	1.00	1.00	9.50	5.00	5.00	7.50	2.00	2.00
sports_11	swim	2.00	1.00	3.00	3.00	1.00	2.00	1.00	1.00	1.00	3.00	1.00	2.00	2.00	1.00	3.00	2.00	3.00	3.00	2.00	1.00	0.50	1.50	2.00	1.50	3.50	2.00
sports_12	swim	4.00	2.00	4.00	3.00	1.00	3.00	1.00	1.00	1.00	3.00	3.00	1.00	3.00	2.00	5.00	2.00	3.00	4.00	2.00	2.00	1.50	7.00	2.00	7.00	2.00	2.00
sports_13	swim	3.00	1.00	2.00	2.00	1.00	2.00	1.00	1.00	1.00	1.00	1.00	1.00	1.00	1.00	4.00	1.00	3.00	2.00	1.00	1.00	0.00	3.00	0.00	1.50	10.00	2.00
sports_14	swim	3.00	1.00	2.00	3.00	1.00	2.00	1.00	1.00	1.00	4.00	3.00	1.00	3.00	1.00	4.00	2.00	3.00	3.00	1.00	1.00	1.00	4.00	1.00			99.00
sports_15	swim	3.00	1.00	2.00	1.00	1.00	2.00	1.00	1.00	1.00	1.00	1.00	1.00	1.00	1.00	2.00	2.00	4.00	3.00	1.00	2.00	3.00	6.00	6.00	3.00	1.50	2.00
sports_16	swim	3.00	1.00	4.00	2.00	1.00	2.00	1.00	1.00	1.00	3.00	2.00	1.00	3.00	1.00	4.00	1.00	2.00	4.00	1.00	1.00	8.50	5.50	7.00	4.50	3.50	99.00
sports_17	swim	2.00	1.00	3.00	2.00	1.00	2.00	1.00	1.00	1.00	3.00	1.00	2.00	2.00	1.00	3.00	1.00	3.00	3.00	1.00	1.00	2.00	1.00	6.00	1.50	7.00	99.00
sports_18	swim	4.00	1.00	1.00	1.00	1.00	2.00	1.00	1.00	1.00	4.00	3.00	1.00	2.00	1.00	5.00	2.00	4.00	3.00	1.00	1.00	2.50	7.00	5.00	4.00	3.00	2
sports_20	bike	4.00	3.00	3.00	2.00	1.00	1.00	1.00	1.00	1.00	1.00	1.00	1.00	1.00	1.00	4.00	2.00	3.00	3.00	2.00	2.00	6.00	5.00	5.00	1.00	6.00	2.00
sports_21	sit	1.00	1.00	3.00	2.00	1.00	1.00	1.00	1.00	1.00	1.00	1.00	1.00	1.00	1.00	4.00	1.00	1.00	3.00	1.00	1.00	6.00	1.00	7.00	5.00	2.00	2.00
sports_22	sit	1.00	1.00	4.00	4.00	1.00	1.00	1.00	1.00	1.00	3.00	2.00	1.00	4.00	1.00	4.00	1.00	2.00	4.00	1.00	1.00	1.00	0.00	0.00	0.00	0.00	2.00
sports_23	sit	1.00	1.00	4.00	3.00	1.00	3.00	1.00	1.00	1.00	3.00	3.00	2.00	1.00	1.00	3.00	2.00	3.00	3.00	1.00	1.00	4.00	0.50	0.00	1.00	1.00	2.00
sports_24	bike	4.00	1.00	4.00	4.00	1.00	3.00	1.00	1.00	1.00	3.00	4.00	2.00	4.00	1.00	5.00	1.00	4.00	5.00	1.00	1.00	2.00	5.00	1.00	4.00	0.00	1.00
sports_25	swim	4.00	1.00	4.00	4.00	1.00	3.00	1.00	1.00	1.00	4.00	3.00	1.00	4.00	1.00	5.00	3.00	3.00	4.00	1.00	1.00	1.00	5.00	1.00	5.00	1.00	5.00
sports_26	bike	4.00	1.00	4.00	3.00	1.00	3.00	1.00	2.00	1.00	4.00	1.00	1.00	1.00	1.00	5.00	1.00	3.00	4.00	1.00	1.00	0.00	7.00	0.00	3.00	0.00	2.00
sports_27	sit	2.00	1.00	4.00	3.00	1.00	2.00	1.00	1.00	1.00	4.00	1.00	1.00	4.00	1.00	4.00	2.00	3.00	4.00	1.00	1.00	0.00	0.00	2.00	0.50	0.50	2.00
sports_28	bike	4.00	1.00	4.00	5.00	1.00	3.00	1.00	1.00	1.00	1.00	2.00	1.00	3.00	1.00	4.00	1.00	1.00	2.00	2.00	1.00	0.00	6.50	1.50	5.00	1.00	99.00
sports_29	sit	1.00	1.00	3.00	2.00	1.00	1.00	2.00	1.00	1.00	2.00	2.00	1.00	2.00	1.00	2.00	1.00	2.00	2.00	1.00	1.00	0.00	0.00	0.00	0.00	0.00	2.00
sports_30	sit	2.00	2.00	4.00	3.00	1.00	2.00	1.00	1.00	1.00	4.00	3.00	2.00	4.00	1.00	3.00	2.00	3.00	4.00	1.00	2.00	1.00	0.00	2.00	0.00	0.00	99.00
sports_31	bike	4.00	2.00	4.00	3.00	1.00	3.00	2.00	1.00	1.00	3.00	3.00	1.00	4.00	2.00	4.00	1.00	3.00	3.00	1.00	2.00	0.00	8.00	3.50	7.00	5.00	2.00
sports_32	sit	1.00	1.00	2.00	1.00	1.00	1.00	1.00	1.00	1.00	1.00	1.00	1.00	1.00	1.00	1.00	1.00	1.00	2.00	1.00	1.00	0.50	0.00	0.00	0.00	5.00	99.00
sports_33	sit	3.00	1.00	4.00	2.00	1.00	1.00	1.00	1.00	1.00	3.00	1.00	1.00	2.00	1.00	5.00	1.00	3.00	4.00	1.00	1.00	7.00	3.00	5.00	5.00	5.50	2.00
sports_34	bike	4.00	3.00	3.00	3.00	1.00	3.00	1.00	1.00	1.00	3.00	2.00	1.00	3.00	1.00	5.00	2.00	3.00	4.00	1.00	1.00	7.00	5.00	2.00	5.00	0.50	99.00
sports_35	bike	4.00	2.00	2.00	3.00	2.00	4.00	1.00	1.00	1.00	2.00	3.00	2.00	2.00	1.00	4.00	2.00	2.00	3.00	2.00	1.00	2.00	6.00	0.00	5.00	3.00	2.00
sports_36	bike	3.00	1.00	3.00	3.00	1.00	3.00	1.00	1.00	1.00	3.00	3.00	1.00	3.00	1.00	4.00	2.00	4.00	4.00	2.00	1.00	1.00	4.00	3.50	3.00	2.00	2.00
sports_37	bike	4.00	1.00	5.00	3.00	1.00	3.00	1.00	1.00	1.00	2.00	3.00	1.00	3.00	2.00	5.00	1.00	4.00	4.00	1.00	1.00	1.00	7.00	3.00	4.00	1.50	99.00
sports_38	sit	3.00	1.00	3.00	5.00	1.00	3.00	1.00	1.00	1.00	4.00	2.00	1.00	4.00	1.00	3.00	2.00	2.00	4.00	1.00	1.00	2.00	1.00	0.00	2.00	2.00	2.00
sports_39	sit	2.00	1.00	3.00	4.00	1.00	1.00	1.00	1.00	1.00	2.00	1.00	1.00	2.00	1.00	4.00	1.00	4.00	3.00	1.00	1.00	0.50	0.00	0.50	0.50	0.50	
sports_40	bike	3.00	1.00	4.00	4.00	1.00	2.00	1.00	1.00	1.00	2.00	2.00	1.00	3.00	1.00	3.00	1.00	3.00	4.00	1.00	1.00	0.00	4.00	1.50	6.50	0.00	2.00
sports_41	bike	4.00	2.00	3.00	2.00	1.00	3.00	1.00	1.00	1.00	3.00	2.00	1.00	2.00	1.00	4.00	2.00	4.00	5.00	1.00	2.00	0.00	7.00	1.50	8.00	1.00	2.00
sports_42	bike	4.00	1.00	3.00	4.00	1.00	3.00	1.00	1.00	1.00	4.00	2.00	3.00	3.00	1.00	3.00	2.00	3.00	3.00	3.00	1.00	6.00	7.50	2.50	6.50	2.00	99.00
sports_43	bike	4.00	2.00	3.00	5.00	1.00	3.00	1.00	1.00	1.00	4.00	3.00	1.00	3.00	2.00	5.00	1.00	3.00	4.00	1.00	1.00	7.00	6.00	5.00	7.00	2.00	99.00
sports_44	bike	4.00	1.00	5.00	4.00	1.00	3.00	1.00	1.00	1.00	3.00	3.00	1.00	4.00	1.00	4.00	2.00	4.00	4.00	1.00	1.00	0.50	3.00	1.00	1.00	0.00	2.00
sports_45	bike	5.00	1.00	3.00	2.00	1.00	3.00	1.00	1.00	1.00	1.00	4.00	3.00	2.00	1.00	5.00	1.00	3.00	4.00	1.00	1.00	0.50	7.50	1.50	7.50	2.50	2.00
sports_46	bike	4.00	1.00	3.00	3.00	1.00	3.00	2.00	1.00	1.00	3.00	4.00	1.00	3.00	2.00	3.00	2.00	2.00	3.00	1.00	1.00	2.00	7.00	4.00	6.00	5.00	5.00
sports_47	bike	3.00	1.00	3.00	3.00	1.00	2.00	1.00	1.00	1.00	4.00	1.00	1.00	3.00	1.00	4.00	1.00	2.00	3.00	1.00	1.00	0.00	3.00	2.00	2.00	0.00	2.00
sports_48	bike	4.00	1.00	4.00	4.00	1.00	4.00	1.00	1.00	1.00	5.00	3.00	1.00	4.00	1.00	4.00	2.00	4.00	5.00	1.00	1.00	8.00	7.00	2.00	7.00	0.50	2.00
sports_49	bike	4.00	2.00	3.00	2.00	1.00	3.00	1.00	3.00	1.00	3.00	2.00	3.00	2.00	4.00	4.00	3.00	3.00	3.00	2.00	2.00	5.00	6.00	4.00	4.00	8.00	2.00
sports_50	sit	3.00	1.00	4.00	5.00	1.00	5.00	1.00	1.00	1.00	4.00	3.00	5.00	5.00	1.00	5.00	1.00	5.00	4.00	2.00	1.00	0.00	0.00	0.00	0.00	0.00	2.00
sports_51	sit	2.00	1.00	3.00	4.00	1.00	3.00	1.00	1.00	1.00	3.00	2.00	1.00	2.00	1.00	2.00	1.00	3.00	2.00	1.00	1.00	2.00	0.00	0.00	1.50	1.50	2.00
sports_52	sit	2.00	1.00	3.00	2.00	1.00	1.00	1.00	1.00	1.00	4.00	1.00	1.00	4.00	1.00	2.00		3.00	3.00	1.00	1.00	3.50	0.00	6.00	2.00	0.00	2.00
sports_53	sit	2.00	1.00	3.00	2.00	1.00	1.00	1.00	1.00	1.00	4.00	1.00	1.00	4.00	1.00	2.00		3.00	3.00	1.00	1.00	3.50	0.00	6.00	2.00	0.00	2.00
sports_54	sit	3.00	1.00	4.00	4.00	1.00	3.00	1.00	1.00	1.00	4.00	2.00	1.00	3.00	1.00	3.00	1.00	3.00	3.00	1.00	1.00	1.50	0.00	0.00	0.00	0.00	99.00
sports_55	sit	1.00	1.00	4.00	2.00	1.00	2.00	1.00	1.00	1.00	3.00	2.00	1.00	4.00	1.00	2.00	1.00	3.00	2.00	1.00	1.00	1.00	0.00	0.00	0.00	0.00	2.00
sports_56	sit	4.00	1.00	5.00	5.00	1.00	5.00	1.00	1.00	1.00	4.00	4.00	1.00	5.00	1.00	5.00	1.00	5.00	4.00	1.00	1.00	0.50	0.00	0.00	0.00	0.00	2.00
sports_57	sit	1.00	1.00	4.00	2.00	1.00	1.00	1.00	1.00	1.00	2.00	1.00	2.00	3.00	1.00	3.00	2.00	2.00	3.00	2.00	2.00	5.00	1.00	0.50	0.50	0.50	2.00
sports_58	sit	3.00	1.00	3.00	2.00	1.00	3.00	1.00	1.00	1.00	3.00	1.00	1.00	2.00	1.00	4.00	2.00	2.00	4.00	3.00	1.00	3.00	1.00	0.00	1.00	0.00	99.00
sports_59	sit	2.00	1.00	3.00	3.00	1.00	3.00	1.00	1.00	1.00	2.00	3.00	1.00	2.00	1.00	4.00	1.00	3.00	3.00	2.00	1.00	1.50	1.50	1.50	1.50	1.50	2.00
sports_60	sit	2.00	1.00	4.00	4.00	1.00	3.00	1.00	1.00	1.00	3.00	2.00	1.00	5.00	1.00	3.00	2.00	2.00	3.00	1.00	1.00	1.50	0.50	2.00	2.50	3.00	5.00
sports_61	sit	2.00	1.00	3.00	3.00	1.00	2.00	2.00	1.00	1.00	3.00	1.00	1.00	2.00	1.00	4.00	2.00	2.00	3.00	2.00	1.00	2.50	0.00	4.00	3.00	4.00	2.00
sports_62	sit	2.00	1.00	4.00	4.00	1.00	2.00	1.00	1.00	1.00	3.00	1.00	1.00	3.00	2.00	4.00	1.00	4.00	4.00	1.00	1.00	1.00	0.00	1.00	0.00	0.00	2.00
sports_63	sit	4.00	1.00	4.00	4.00	1.00	3.00	1.00	1.00	1.00	3.00	1.00	1.00	4.00	1.00	3.00	1.00	2.00	3.00	1.00	1.00	2.00	0.00	2.00	0.00	0.00	99.00
sports_64	sit	1.00	1.00	3.00	3.00	1.00	2.00	1.00	1.00	1.00	2.00	1.00	1.00	2.00	1.00	3.00	1.00	2.00	3.00	1.00	1.00	1.50	0.00	5.00	0.50	0.00	2.00
sports_65	sit	3.00	2.00	4.00	5.00	1.00	4.00	1.00	3.00	1.00	4.00	4.00	1.00	5.00	1.00	4.00	2.00	5.00	5.00	1.00	1.00	3.00	0.00	0.00	0.00	0.00	2.00
sports_66	sit	1.00	1.00	5.00	5.00	1.00	2.00	1.00	1.00	1.00	4.00	2.00	1.00	5.00	1.00	4.00	1.00	3.00	4.00	1.00	1.00	1.00	0.00	0.00	0.00	0.00	2.00
sports_67	sit	4.00	1.00	4.00	3.00	1.00	3.00	1.00	1.00	1.00	3.00	1.00	1.00	5.00	1.00	4.00	2.00	3.00	4.00	1.00	1.00	2.00	0.50	2.50	0.50	0.00	99.00
sports_68	sit	1.00	2.00	2.00	2.00	3.00	1.00	3.00	1.00	1.00	2.00	2.00	2.00	3.00	2.00	1.00	3.00	4.00	3.00	3.00	1.00	7.00	2.00	4.00	8.00	8.00	2.00
sports_69	bike	4.00	1.00	3.00	3.00	1.00	3.00	1.00	1.00	1.00	2.00	2.00	1.00	2.00	1.00	5.00	1.00	4.00	4.00	1.00	1.00	0.50	3.00	3.50	1.50	0.00	2.00
sports_70	bike	4.00	1.00	2.00	3.00	1.00	2.00	1.00	1.00	1.00	1.00	2.00	1.00	2.00	1.00	4.00	2.00	2.00	3.00	1.00	1.00	1.00	7.00	3.00	7.00	0.50	2.00
sports_71	sit	3.00	1.00	3.00	2.00	1.00	2.00	1.00	2.00	1.00	3.00	2.00	1.00	2.00	1.00	2.00	1.00	2.00	3.00	1.00	1.00	0.50	0.50	0.50	0.50	0.00	2.00
sports_72	bike	3.00	1.00	3.00	1.00	1.00	1.00	1.00	1.00	1.00	1.00	1.00	1.00	2.00	1.00	4.00	1.00	3.00	3.00	1.00	1.00	5.00	3.00	5.00	4.00	3.00	2.00
sports_73	sit	1.00	2.00	2.00	3.00	1.00	1.00	1.00	1.00	1.00	3.00	1.00	2.00	2.00	1.00	2.00	2.00	1.00	2.00	2.00	1.00	2.00	0.00	0.00	0.00	2.00	99.00
sports_74	bike	3.00	1.00	3.00	2.00	1.00	3.00	1.00	1.00	1.00	2.00	3.00	1.00	3.00	1.00	4.00	2.00	3.00	4.00	1.00	1.00	0.50	6.00	0.50	3.50	4.50	2.00
sports_75	sit	3.00	1.00	5.00	4.00	1.00	3.00	1.00	1.00	1.00	3.00	1.00	1.00	3.00	1.00	3.00	1.00	2.00	4.00	1.00	1.00	2.00	0.00	0.00	0.00	0.00	2.00
sports_76	sit	1.00	1.00	3.00	2.00	1.00	1.00	1.00	1.00	1.00	2.00	1.00	1.00	2.00	1.00	3.00	1.00	2.00	4.00	1.00	1.00	0.00	0.00	0.00	0.00	0.00	99.00
sports_77	bike	4.00	2.00	3.00	3.00	1.00	2.00	1.00	1.00	1.00	1.00	4.00	1.00	3.00	1.00	4.00	1.00	3.00	4.00	1.00	1.00	0.00	7.00	0.00	5.00	3.00	5.00
sports_78	bike	4.00	1.00	5.00	4.00	1.00	4.00	1.00	1.00	1.00	3.00	2.00	1.00	3.00	1.00	3.00	2.00	3.00	3.00	1.00	1.00	0.00	3.50	0.50	3.00	0.00	99.00
sports_79	bike	3.00	1.00	3.00	2.00	1.00	2.00	1.00	1.00	1.00	2.00	2.00	1.00	2.00	1.00	3.00	2.00	3.00	3.00	1.00	1.00	1.00	5.00	1.00	3.50	2.00	2.00
sports_80	sit	1.00	1.00	4.00	2.00	1.00	2.00	1.00	1.00	1.00	1.00	3.00	1.00	4.00	1.00	3.00	1.00	2.00	4.00	1.00	1.00	2.00	0.00	0.00	0.00	0.00	99.00
sports_81	bike	4.00	1.00	4.00	4.00	1.00	3.00	1.00	1.00	1.00	4.00	4.00	1.00	3.00	1.00	5.00	1.00	4.00	4.00	1.00	1.00	0.50	2.50	1.00	1.00	0.00	99.00
sports_82	bike	4.00	1.00	4.00	3.00	1.00	3.00	1.00	1.00	1.00	4.00	3.00	1.00	3.00	1.00	4.00	2.00	4.00	4.00	1.00	1.00	9.00	2.00	7.00	7.50	6.00	2.00
sports_83	bike	3.00	2.00	5.00	5.00	1.00	3.00	1.00	1.00	1.00	3.00	3.00	1.00	5.00	1.00	3.00	3.00	2.00	3.00	4.00	2.00	3.00	7.50	5.00	6.00	5.00	2.00
sports_84	bike	3.00	2.00	3.00	3.00	1.00	2.00	1.00	1.00	1.00	2.00	2.00	1.00	2.00	1.00	4.00	1.00	2.00	3.00	1.00	1.00	1.50	5.50	0.50	1.50	0.50	99.00
sports_85	sit	1.00	1.00	3.00	1.00	1.00	1.00	1.00	1.00	1.00	1.00	1.00	2.00	1.00	1.00	1.00	2.00	1.00	2.00	1.00	1.00	0.00	0.00	0.00	0.50	5.00	5.00
sports_86	bike	2.00	1.00	3.00	2.00	1.00	2.00	1.00	1.00	1.00	3.00	1.00	1.00	1.00	1.00	2.00	2.00	2.00	3.00	1.00	1.00	1.00	7.50	3.50	8.00	5.00	2.00
sports_87	bike	4.00	1.00	3.00	3.00	2.00	3.00	1.00	1.00	1.00	3.00	2.00	2.00	4.00	1.00	4.00	2.00	3.00	3.00	1.00	1.00	1.50	4.50	1.00	5.00	5.50	99.00
sports_88	bike	4.00	1.00	2.00	3.00	1.00	4.00	1.00	1.00	1.00	2.00	4.00	1.00	3.00	1.00	5.00	2.00	3.00	3.00	1.00	1.00	1.50	6.50	2.50	4.50	2.50	4.00
sports_89	bike	4.00	2.00	2.00	2.00	1.00	2.00	1.00	1.00	1.00	1.00	1.00	1.00	1.00	1.00	3.00	1.00	1.00	3.00	1.00	1.00	0.50	3.50	2.50	0.50	0.50	2.00
sports_90	swim	5.00	1.00	4.00	4.00	1.00	3.00	1.00	1.00	1.00	5.00	3.00	2.00	3.00	1.00	5.00	2.00	3.00	4.00	2.00	2.00	8.00	6.00	3.00	8.50	6.50	2.00
sports_91	swim	4.00	1.00	4.00	3.00	1.00	3.00	1.00	1.00	1.00	2.00	3.00	1.00	3.00	1.00	4.00	2.00	2.00	4.00	1.00	1.00	0.50	2.00	1.50	1.50	2.50	2.00
sports_92	swim	3.00	1.00	4.00	3.00	1.00	2.00	1.00	1.00	1.00	3.00	3.00	1.00	4.00	1.00	5.00	1.00	2.00	4.00	1.00	1.00	8.00	6.00	3.00	6.00	1.00	2.00
sports_93	swim	3.00	1.00	4.00	4.00	1.00	5.00	1.00	1.00	1.00	2.00	3.00	1.00	3.00	1.00	5.00	1.00	3.00	4.00	1.00	1.00	1.00	2.00	3.00	2.00	0.00	4.00
sports_94	swim	3.00	1.00	4.00	4.00	1.00	3.00	1.00	1.00	1.00	3.00	3.00	1.00	4.00	1.00	5.00	1.00	3.00	3.00	1.00	1.00	9.00	7.50	2.00	8.00	1.00	2.00
sports_95	swim	3.00	1.00	4.00	3.00	1.00	2.00	1.00	1.00	1.00	3.00	2.00	1.00	1.00	1.00	4.00	1.00	2.00	3.00	1.00	1.00	2.00	5.00	4.00	2.00	2.50	4.00
sports_96	swim	3.00	2.00	4.00	4.00	1.00	4.00	1.00	1.00	1.00	3.00	4.00	1.00	2.00	1.00	3.00	1.00	2.00	3.00	1.00	1.00	7.00	8.00	1.00	7.00	1.00	2.00
sports_97	swim	4.00	1.00	3.00	3.00	1.00	3.00	1.00	1.00	1.00	2.00	2.00	1.00	3.00	1.00	4.00	1.00	3.00	4.00	1.00	1.00	1.00	4.00	2.00	6.50	0.50	5.00
sports_98	swim	4.00	1.00	3.00	5.00	1.00	4.00	1.00	1.00	1.00	4.00	2.00	1.00	5.00	1.00	1.00	1.00	5.00	3.00	2.00	1.00	9.50	2.50	9.00	2.00	9.50	99.00