ID	Group	Total	Total_percent	per_block_1	per_block_2	per_block_3	per_block_4	per_list_1	per_list_2	per_list_3	per_list_4	mean_pre	mean_post
sports_01	swim	40.00	27.78	27.78	13.89	30.56	38.89	13.89	30.56	38.89	27.78	20.83	34.72222222
sports_02	swim	27.00	18.75	8.33	30.56	19.44	16.67	8.33	30.56	19.44	16.67	19.44	18.05555556
sports_03	swim	62.00	43.06	38.89	41.67	47.22	44.44	44.44	38.89	41.67	47.22	40.28	45.83333333
sports_05	swim	26.00	18.06	27.78	16.67	11.11	16.67	16.67	11.11	16.67	27.78	22.22	13.88888889
sports_06	swim	51.00	35.42	38.89	50.00	22.22	30.56	22.22	50.00	38.89	30.56	44.44	26.38888889
sports_07	swim	29.00	20.14	25.00	16.67	25.00	13.89	25.00	25.00	13.89	16.67	20.83	19.44444444
sports_08	swim	41.00	28.47	36.11	27.78	38.89	11.11	38.89	36.11	11.11	27.78	31.94	25
sports_09	swim	28.00	19.44	22.22	13.89	25.00	16.67	13.89	22.22	16.67	25.00	18.06	20.83333333
sports_10	swim	45.00	31.25	36.11	36.11	27.78	25.00	36.11	36.11	27.78	25.00	36.11	26.38888889
sports_11	swim	35.00	24.31	30.56	22.22	22.22	22.22	22.22	30.56	22.22	22.22	26.39	22.22222222
sports_12	swim	63.00	43.75	41.67	36.11	44.44	52.78	44.44	52.78	41.67	36.11	38.89	48.61111111
sports_13	swim	27.00	18.75	30.56	22.22	8.33	13.89	8.33	13.89	30.56	22.22	26.39	11.11111111
sports_14	swim	30.00	20.83	11.11	22.22	33.33	16.67	22.22	33.33	16.67	11.11	16.67	25
sports_15	swim	15.00	10.42	16.67	8.33	8.33	8.33	8.33	8.33	16.67	8.33	12.50	8.333333333
sports_17	swim	31.00	21.53	25.00	11.11	16.67	33.33	25.00	33.33	16.67	11.11	18.06	25
sports_18	swim	45.00	31.25	13.89	30.56	41.67	38.89	30.56	13.89	38.89	41.67	22.22	40.27777778
sports_20	bike	49.00	34.03	36.11	25.00	36.11	38.89	25.00	36.11	38.89	36.11	30.56	37.5
sports_21	sit	31.00	21.53	30.56	19.44	16.67	19.44	19.44	19.44	16.67	30.56	25.00	18.05555556
sports_22	sit	45.00	31.25	33.33	30.56	33.33	27.78	27.78	33.33	30.56	33.33	31.94	30.55555556
sports_23	sit	30.00	20.83	38.89	22.22	13.89	8.33	22.22	38.89	8.33	13.89	30.56	11.11111111
sports_25	swim	30.00	20.83	22.22	25.00	11.11	25.00	25.00	11.11	22.22	25.00	23.61	18.05555556
sports_26	bike	65.00	45.14	55.56	44.44	30.56	50.00	55.56	44.44	30.56	50.00	50.00	40.27777778
sports_27	sit	35.00	24.31	27.78	22.22	36.11	11.11	27.78	36.11	22.22	11.11	25.00	23.61111111
sports_28	bike	29.00	20.14	16.67	19.44	27.78	16.67	27.78	19.44	16.67	16.67	18.06	22.22222222
sports_30	sit	48.00	33.33	25.00	27.78	44.44	36.11	25.00	36.11	44.44	27.78	26.39	40.27777778
sports_31	bike	37.00	25.69	19.44	36.11	25.00	22.22	25.00	19.44	36.11	22.22	27.78	23.61111111
sports_32	sit	21.00	14.58	11.11	11.11	19.44	16.67	19.44	16.67	11.11	11.11	11.11	18.05555556
sports_33	sit	21.00	14.58	11.11	22.22	13.89	11.11	13.89	11.11	11.11	22.22	16.67	12.5
sports_34	bike	28.00	19.44	25.00	11.11	13.89	27.78	27.78	11.11	13.89	25.00	18.06	20.83333333
sports_35	bike	28.00	19.44	19.44	19.44	16.67	22.22	22.22	19.44	16.67	19.44	19.44	19.44444444
sports_36	bike	54.00	37.50	38.89	33.33	36.11	41.67	38.89	41.67	36.11	33.33	36.11	38.88888889
sports_37	bike	31.00	21.53	22.22	19.44	27.78	16.67	16.67	22.22	27.78	19.44	20.83	22.22222222
sports_39	sit	32.00	22.22	38.89	27.78	13.89	8.33	38.89	27.78	13.89	8.33	33.33	11.11111111
sports_40	bike	44.00	30.56	27.78	22.22	33.33	38.89	27.78	22.22	33.33	38.89	25.00	36.11111111
sports_41	bike	103.00	71.53	55.56	75.00	75.00	80.56	80.56	55.56	75.00	75.00	65.28	77.77777778
sports_42	bike	57.00	39.58	41.67	38.89	44.44	33.33	44.44	33.33	41.67	38.89	40.28	38.88888889
sports_43	bike	22.00	15.28	22.22	19.44	11.11	8.33	11.11	8.33	22.22	19.44	20.83	9.722222222
sports_44	bike	64.00	44.44	25.00	38.89	44.44	69.44	38.89	44.44	69.44	25.00	31.94	56.94444444
sports_45	bike	46.00	31.94	30.56	41.67	25.00	30.56	25.00	41.67	30.56	30.56	36.11	27.77777778
sports_46	bike	36.00	25.00	36.11	27.78	16.67	19.44	27.78	36.11	19.44	16.67	31.94	18.05555556
sports_47	bike	76.00	52.78	47.22	38.89	55.56	69.44	47.22	69.44	55.56	38.89	43.06	62.5
sports_48	bike	54.00	37.50	30.56	38.89	30.56	50.00	38.89	30.56	50.00	30.56	34.72	40.27777778
sports_49	bike	26.00	18.06	13.89	27.78	16.67	13.89	27.78	13.89	13.89	16.67	20.83	15.27777778
sports_50	sit	28.00	19.44	16.67	13.89	16.67	30.56	30.56	13.89	16.67	16.67	15.28	23.61111111
sports_51	sit	15.00	10.42	11.11	8.33	5.56	16.67	16.67	5.56	8.33	11.11	9.72	11.11111111
sports_52	sit	32.00	22.22	33.33	27.78	13.89	13.89	27.78	33.33	13.89	13.89	30.56	13.88888889
sports_54	sit	66.00	45.83	50.00	30.56	58.33	44.44	30.56	44.44	50.00	58.33	40.28	51.38888889
sports_55	sit	65.00	45.14	33.33	58.33	50.00	38.89	33.33	58.33	50.00	38.89	45.83	44.44444444
sports_56	sit	57.00	39.58	41.67	50.00	47.22	19.44	41.67	47.22	50.00	19.44	45.83	33.33333333
sports_57	sit	22.00	15.28	2.78	22.22	11.11	25.00	11.11	22.22	2.78	25.00	12.50	18.05555556
sports_58	sit	35.00	24.31	27.78	16.67	25.00	27.78	27.78	25.00	27.78	16.67	22.22	26.38888889
sports_59	sit	45.00	31.25	30.56	50.00	27.78	16.67	30.56	16.67	27.78	50.00	40.28	22.22222222
sports_61	sit	62.00	43.06	47.22	50.00	33.33	41.67	50.00	47.22	41.67	33.33	48.61	37.5
sports_62	sit	48.00	33.33	36.11	38.89	16.67	41.67	16.67	41.67	36.11	38.89	37.50	29.16666667
sports_63	sit	34.00	23.61	33.33	16.67	13.89	30.56	30.56	13.89	16.67	33.33	25.00	22.22222222
sports_64	sit	54.00	37.50	36.11	36.11	38.89	38.89	36.11	36.11	38.89	38.89	36.11	38.88888889
sports_65	sit	32.00	22.22	27.78	30.56	16.67	13.89	16.67	30.56	27.78	13.89	29.17	15.27777778
sports_66	sit	31.00	21.53	25.00	19.44	16.67	25.00	25.00	16.67	25.00	19.44	22.22	20.83333333
sports_67	sit	40.00	27.78	41.67	19.44	19.44	30.56	41.67	30.56	19.44	19.44	30.56	25
sports_68	sit	18.00	13.64	11.11	19.44	5.56	20.83	20.83	11.11	5.56	19.44	15.28	13.19444444
sports_69	bike	55.00	38.19	33.33	30.56	41.67	47.22	33.33	47.22	41.67	30.56	31.94	44.44444444
sports_70	bike	85.00	59.03	55.56	44.44	66.67	69.44	69.44	55.56	66.67	44.44	50.00	68.05555556
sports_71	sit	41.00	28.47	27.78	27.78	30.56	27.78	30.56	27.78	27.78	27.78	27.78	29.16666667
sports_72	bike	70.00	48.61	44.44	52.78	47.22	50.00	44.44	52.78	47.22	50.00	48.61	48.61111111
sports_73	sit	21.00	15.33	11.11	25.00	13.89	10.34	25.00	10.34	13.89	11.11	18.06	12.11685824
sports_74	bike	36.00	25.00	30.56	22.22	25.00	22.22	30.56	25.00	22.22	22.22	26.39	23.61111111
sports_75	sit	38.00	26.39	27.78	19.44	30.56	27.78	30.56	27.78	27.78	19.44	23.61	29.16666667
sports_76	sit	34.00	23.78	30.56	25.00	27.78	11.43	30.56	25.00	27.78	11.43	27.78	19.6031746
sports_77	bike	12.00	8.33	16.67	5.56	8.33	2.78	2.78	16.67	5.56	8.33	11.11	5.555555556
sports_78	bike	43.00	29.86	25.00	38.89	27.78	27.78	27.78	38.89	27.78	25.00	31.94	27.77777778
sports_79	bike	41.00	28.47	25.00	27.78	36.11	25.00	25.00	36.11	25.00	27.78	26.39	30.55555556
sports_80	sit	26.00	18.06	22.22	25.00	11.11	13.89	11.11	25.00	22.22	13.89	23.61	12.5
sports_81	bike	31.00	21.53	19.44	16.67	19.44	30.56	19.44	16.67	30.56	19.44	18.06	25
sports_82	bike	25.00	17.36	19.44	19.44	16.67	13.89	13.89	16.67	19.44	19.44	19.44	15.27777778
sports_83	bike	30.00	20.83	22.22	27.78	19.44	13.89	27.78	22.22	19.44	13.89	25.00	16.66666667
sports_84	bike	30.00	20.83	30.56	19.44	16.67	16.67	16.67	30.56	16.67	19.44	25.00	16.66666667
sports_85	sit	22.00	15.28	16.67	8.33	16.67	19.44	16.67	16.67	8.33	19.44	12.50	18.05555556
sports_86	bike	57.00	39.58	30.56	44.44	55.56	27.78	44.44	55.56	30.56	27.78	37.50	41.66666667
sports_87	bike	64.00	44.44	41.67	47.22	55.56	33.33	41.67	47.22	55.56	33.33	44.44	44.44444444
sports_88	bike	82.00	56.94	66.67	50.00	58.33	52.78	58.33	66.67	50.00	52.78	58.33	55.55555556
sports_89	bike	50.00	34.72	33.33	19.44	55.56	30.56	33.33	55.56	19.44	30.56	26.39	43.05555556
sports_90	swim	51.00	35.42	38.89	36.11	27.78	38.89	38.89	36.11	27.78	38.89	37.50	33.33333333
sports_91	swim	23.00	16.55	16.67	19.35	16.67	13.89	16.67	16.67	19.35	13.89	18.01	15.27777778
sports_92	swim	54.00	37.50	41.67	44.44	22.22	41.67	22.22	41.67	41.67	44.44	43.06	31.94444444
sports_93	swim	29.00	20.14	16.67	25.00	19.44	19.44	25.00	16.67	19.44	19.44	20.83	19.44444444
sports_94	swim	36.00	25.00	33.33	25.00	19.44	22.22	25.00	33.33	22.22	19.44	29.17	20.83333333
sports_95	swim	33.00	22.92	25.00	36.11	16.67	13.89	36.11	13.89	16.67	25.00	30.56	15.27777778
sports_96	swim	36.00	25.00	27.78	19.44	22.22	30.56	22.22	27.78	19.44	30.56	23.61	26.38888889
sports_97	swim	17.00	12.06	8.33	15.15	5.56	19.44	19.44	8.33	5.56	15.15	11.74	12.5
sports_98	swim	20.00	13.89	16.67	19.44	11.11	8.33	11.11	8.33	16.67	19.44	18.06	9.722222222