ID	Group	sex	age	yot	regular	panas-p	panas-n	tlx-2	tlx-4	recall_pre	recall_post	recall_pre1	recall_pre2	recall_post3	recall_post4	perc_recall_pre	perc_recall_post	perc_recall_pre1	perc_recall_pre2	perc_recall_post3	perc_recall_post4	instrusions_pre	intrusions_post	instrusions_pre1	instrusions_pre2	intrusions_post3	intrusions_post4	accuracy_pre	accuracy_post	accuracy_pre1	accuracy_pre2	accuracy_pre3	accuracy_pre4	d_prime_pre	d_prime_post	d_prime_pre1	d_prime_pre2	d_prime_post3	d_prime_post4	RT_pre	RT_post	RT_pre1	RT_pre2	RT_post3	RT_post4
sports_01	swim	m	24	4	3	3.7	0.9	2.0	2.0	15	25	10	5	11	14	20.83	34.72	10	5	11	14	2	1	1	1	1	0	0.88	0.80	0.87	0.89	0.73	0.87	2.33	1.78	2.13	2.53	1.32	2.25	532	454	552	512	504	404
sports_02	swim	f	32	10	2	2.9	1.3	4.0	4.5	14	13	3	11	7	6	19.44	18.06	3	11	7	6	2	5	0	2	1	4	0.93	0.91	0.95	0.91	0.86	0.96	2.87	2.79	3.19	2.55	2.15	3.43	588	562	596	580	576	548
sports_03	swim	f	28	22	3	3.4	1.1	6.5	3.0	29	33	14	15	17	16	40.28	45.83	14	15	17	16	2	1	2	0	1	0	0.82	0.70	0.90	0.74	0.81	0.60	2.61	1.94	2.87	2.35	2.36	1.53	502	465	496	508	436	494
sports_05	swim	f	19	10	5	2.7	1.1	3.5	3.5	16	11	10	6	4	6	22.22	13.89	10	6	4	6	7	4	3	4	1	3	0.94	0.93	0.96	0.93	0.91	0.95	3.21	3.01	3.60	2.83	2.74	3.28	410	410	396	424	396	424
sports_06	swim	f	19	13	3	3.6	0.9	6.5	6.0	32	19	14	18	8	11	44.44	26.39	14	18	8	11	0	0	0	0	0	0	0.99			0.99			4.37	0.00		4.37	0.00	0.00	388		396	380		
sports_07	swim	m	30	20	10	3.7	1	1.5	0.5	15	14	9	6	9	5	20.83	19.44	9	6	9	5	1	1	1	0	1	0	0.71	0.75	0.78	0.65	0.72	0.78	1.61	2.04	1.95	1.26	1.85	2.24	474	502	528	420	528	476
sports_08	swim	f	42	3	2	2.2	1	4.5	4.5	23	18	13	10	14	4	31.94	25.00	13	10	14	4	1	4	1	0	2	2	0.95	0.97	0.97	0.92	0.94	0.99	3.30	3.74	3.80	2.80	3.10	4.37	564	544	568	560	544	544
sports_09	swim	m	38	30	3	4.8	1.8	4.5	4.0	13	15	8	5	9	6	18.06	20.83	8	5	9	6	9	7	5	4	5	2	0.88	0.85	0.91	0.85	0.93	0.77	2.78	2.62	3.17	2.39	3.33	1.92	506	491	492	520	504	478
sports_10	swim	f	21	15	3	3.2	1.1	5.0	7.5	26	19	13	13	10	9	36.11	26.39	13	13	10	9	0	2	0	0	2	0	0.89	0.92	0.92	0.86	0.91	0.93	2.57	2.99	3.09	2.04	2.82	3.16	295	275	304	286	268	282
sports_11	swim	f	18	12	5	2.5	1.3	1.5	1.5	19	16	11	8	8	8	26.39	22.22	11	8	8	8	6	7	1	5	4	3	0.79	0.90	0.76	0.81	0.88	0.92	1.50	2.72	1.35	1.66	2.72	2.72	316	347	320	312	316	378
sports_12	swim	m	19	3	2	3.5	1.5	7.0	7.0	28	35	15	13	16	19	38.89	48.61	15	13	16	19	2	1	0	2	1	0	0.94	0.40	0.98	0.91	0.40	0.40	3.55	0.72	3.93	3.17	0.72	0.72	378	386	368	388	368	404
sports_13	swim	f	26	21	6	2.1	1.00	3.0	1.5	19	8	11	8	3	5	26.39	11.11	11	8	3	5	1	0	1	0	0	0	0.98	0.99	0.98	0.99	0.98	0.99	4.10	4.39	4.10	4.10	4.10	4.67	466	463	504	428	504	422
sports_14	swim	f	25	5	2	3	1.1	4.0		12	18	4	8	12	6	16.67	25.00	4	8	12	6	6	0	2	4	0	0	0.94	0.93	0.95	0.93	0.90	0.96	3.36	3.36	3.45	3.27	3.13	3.60	422	422	432	412	432	412
sports_15	swim	m	30	25	5	2	1.20	6.0	3.0	9	6	6	3	3	3	12.50	8.33	6	3	3	3	4	4	2	2	2	2	0.33	0.88	0.34	0.33	0.81	0.95		2.95			2.63	3.27	422	436	432	412	444	428
sports_17	swim	m	25	14	2	2.4	1.10	1.0	1.5	13	19	9	4	6	12	18.06	25.00	9	4	6	12	9	5	2	7	2	3	0.69	0.91	0.60	0.78	0.87	0.95	1.38	3.13	0.51	2.24	2.66	3.60	468	468	504	432	532	404
sports_18	swim	m	24	18	4	2.9	1.1	7.0	4.0	17	29	5	11	15	14	22.22	40.28	5	11	15	14	4	3	3	1	1	2	0.91	0.89	0.91	0.91	0.87	0.90	2.62	2.38	2.68	2.57	2.25	2.51	446	454	448	444	480	428
sports_20	bike	f	22	10	2	2.3	1.5	5.0	1.0	23	28	13	9	13	14	30.56	37.50	13	9	13	14	6	6	1	5	0	6	0.99	0.99		0.99		0.99	4.10	4.37		4.10		4.37	434	434	480	388	480	388
sports_21	sit	m	33	3	1	1.8	1	1.0	5.0	19	13	11	7	6	7	25.00	18.06	11	7	6	7	3	3	3	0	0	3	0.58			0.58			1.71			1.71			446		480	412		
sports_22	sit	f	24	17	2	2.9	1	0.0	0.0	23	23	12	11	12	10	31.94	30.56	12	11	12	10	2	0	0	2	0	0	0.87	0.87	0.89	0.85		0.87	2.35	2.18	2.57	2.12		2.18	478	474	528	428	528	420
sports_23	sit	m	26	12	3	2.7	1.2	0.5	1.0	22	8	14	8	5	3	30.56	11.11	14	8	5	3	2	6	0	2	4	2	0.97	0.92	0.97	0.97		0.92	3.60	3.09	3.60	3.60		3.09	378	384	364	392	364	404
sports_25	swim	m	27	10	2	3.8	1.2	5.0	5.0	17	13	8	9	4	9	23.61	18.06	8	9	4	9	2	3	0	2	3	0	0.96	0.97	0.95	0.97	0.97	0.97	3.55	3.80	3.30	3.80	3.80	3.80	430	408	440	420	404	412
sports_26	bike	m	23	17	3	3.2	1.1	7.0	3.0	36	33	20	16	11	18	50.00	40.28	20	16	11	18	2	5	0	2	2	3	0.89	0.74	0.88	0.89	0.91	0.58	2.78	2.20	2.74	2.82	2.92	1.48	426	415	440	412	416	414
sports_27	sit	f	28	1	2	3.1	1.1	0.0	0.5	19	17	10	8	13	4	25.00	23.61	10	8	13	4	8	6	3	5	3	3	0.95	0.58	0.96	0.95	0.70	0.46	3.51	1.66	3.50	3.52	2.17	1.15	416	408	404	428	388	428
sports_28	bike	m	25	8	2	2.9	1.1	6.5	5.0	14	18	6	7	10	6	18.06	22.22	6	7	10	6	4	9	3	1	3	6		0.92			0.93	0.91	0.00	3.15	0.00	0.00	3.39	2.92		430			432	428
sports_30	sit	f	22	13	4	3.2	1.4	0.0	0.0	21	30	9	10	16	13	26.39	40.28	9	10	16	13	8	11	4	4	5	6	0.62	0.53	0.62	0.63	0.62	0.44	1.89	1.49	1.87	1.92	1.91	1.07	424	416	420	428	404	428
sports_31	bike	f	25	1	2	3.4	1.4	8.0	7.0	20	17	7	13	9	8	27.78	23.61	7	13	9	8	3	9	2	1	4	5	0.92	0.88		0.92	0.97	0.79	2.72	2.81		2.72	3.87	1.75	413	428	404	422	436	420
sports_32	sit	f	24	0		1.2	1	0.0	0.0	8	13	4	4	7	6	11.11	18.06	4	4	7	6	2	2	1	1	0	2		0.82			0.83	0.81		2.15			1.94	2.36		445			464	426
sports_33	sit	m	35		2	2.8	1	3.0	5.0	12	9	4	8	5	4	16.67	12.50	4	8	5	4	4	5	2	2	2	3	0.93	0.77		0.93		0.77	2.88	1.65		2.88		1.65	419	420	464	374	464	376
sports_34	bike	m	28	13	7	3.3	1.3	5.0	5.0	13	17	9	4	5	10	18.06	20.83	9	4	5	10	14	16	6	8	8	8	0.34	0.33	0.34	0.34	0.33	0.33			-0.27				420	420	464	376	464	376
sports_35	bike	m	30	5	3	2.9	1.5	6.0	5.0	14	16	7	7	6	8	19.44	19.44	7	7	6	8	3	4	2	1	3	1		0.91			0.90	0.91		3.05			3.13	2.97		380			356	404
sports_36	bike	m	23	17	4	3.3	1.2	4.0	3.0	27	29	14	12	13	15	36.11	38.89	14	12	13	15	3	6	1	2	5	1	0.97	0.97	0.99	0.95	0.96	0.98	3.81	3.79	4.10	3.52	3.69	3.88	414	369	424	404	352	386
sports_37	bike	f	20	0		3.6	1.1	7.0	4.0	15	16	8	7	10	6	20.83	22.22	8	7	10	6	3	1	3	0	1	0	1.00	0.99		1.00		0.99	4.38	4.38		4.38		4.38	387	400	352	422	352	448
sports_39	sit	f	24	13	4	2.6	1	0.0	0.5	24	8	14	10	5	3	33.33	11.11	14	10	5	3	1	0	0	1	0	0	0.89	0.80		0.89		0.80	2.42	1.57		2.42		1.57	378	374	352	404	352	396
sports_40	bike	f	18	12	3	3	1	4.0	6.5	18	26	10	8	12	14	25.00	36.11	10	8	12	14	2	3	2	0	1	2	0.74	0.81	0.79	0.70	0.85	0.77	1.60	1.91	1.81	1.40	2.02	1.79	396	412	380	412	412	412
sports_41	bike	m	27	17	2	3.2	1.3	7.0	8.0	48	56	20	27	27	29	65.28	77.78	20	27	27	29	1	1	1	0	0	1	0.81	0.87	0.95	0.67	0.88	0.87	2.77	2.94	3.45	2.10	3.00	2.89	410	384	408	412	356	412
sports_42	bike	m	25	6	1	3.2	1.5	7.5	6.5	29	30	15	14	16	12	40.28	38.89	15	14	16	12	6	7	3	3	3	4	0.78		0.67	0.89			2.32		1.81	2.82			400		388	412		
sports_43	bike	m	27	2	3	3.7	1.2	6.0	7.0	16	7	8	7	4	3	20.83	9.72	8	7	4	3	6	4	2	4	3	1	0.77	0.71	0.74	0.79	0.69	0.74	2.43	2.11	2.35	2.51	2.14	2.07	400	398	396	404	400	396
sports_44	bike	f	25	10	5	3.8	1.1	3.0	1.0	23	42	9	14	16	25	31.94	56.94	9	14	16	25	1	3	0	1	1	2	0.66	0.55	0.68	0.64	0.69	0.41	1.38	1.50	1.23	1.52	2.17	0.83	464	432	500	428	436	428
sports_45	bike	m	20			3.2	1.2	7.50	7.50	26	21	11	15	9	11	36.11	27.78	11	15	9	11	3	8	1	2	4	4	0.60	0.88		0.60	0.81	0.94	1.39	2.67		1.39	2.22	3.13	424	366	436	412	344	388
sports_46	bike	f	22	18	2	3.1	1.3	7.00	6.00	23	13	13	10	6	7	31.94	18.06	13	10	6	7	2	5	0	2	2	3	0.98	1.00	1.00	0.95	1.00	0.99	3.88	4.37	4.37	3.39	4.37	4.38	431	396	450	412	396	396
sports_47	bike	m	26	18	1	2.8	1	3.00	2.00	31	45	17	14	20	25	43.06	62.50	17	14	20	25	0	1	0	0	1	0	0.97	0.96	0.99	0.95	0.97	0.96	3.85	3.62	4.38	3.33	3.63	3.60	426	400	440	412	386	414
sports_48	bike	f	36	2	2	4.1	1.1	7.00	7.00	26	29	11	14	11	18	34.72	40.28	11	14	11	18	2	2	2	0	2	0	0.99	0.98		0.99		0.98	4.37	4.07		4.37		4.07	433	411	386	480	386	436
sports_49	bike	f	23	10	2	2.9	2.2	6.00	4.00	16	11	5	10	6	5	20.83	15.28	5	10	6	5	20	19	10	10	9	10	0.84	0.83	0.89	0.78	0.81	0.85	1.98	2.30	2.57	1.40	2.22	2.39	478	469	508	448	482	456
sports_50	sit	m	24	14	5	4.3	1.5	0.00	0.00	12	18	6	5	6	11	15.28	23.61	6	5	6	11	4	8	2	2	4	4	0.96	0.95	0.98	0.95	0.95	0.96	3.61	3.32	4.07	3.15	3.15	3.50	480	453	512	448	472	434
sports_51	sit	f	26	9	2	2.6	1	0.00	1.50	8	8	4	3	2	6	9.72	11.11	4	3	2	6	11	12	4	7	9	3	0.89	0.89	0.88	0.89	0.92	0.86	2.49	2.41	2.40	2.57	2.75	2.08	498	434	532	464	456	412
sports_52	sit	m	23	17	4	2.5	1	0.00	2.00	23	10	12	10	5	5	30.56	13.89	12	10	5	5	3	4	2	1	4	0	0.90	0.83	0.91	0.90	0.90	0.77	2.90	2.63	3.17	2.63	3.08	2.18	497	470	534	460	504	436
sports_54	sit	f	25	12	5	3.2	1	0.00	0.00	29	40	18	11	21	16	40.28	51.39	18	11	21	16	4	8	2	2	4	4	0.88	0.74	0.93	0.83		0.74	2.45	1.68	2.81	2.08		1.68	373	369	334	412	334	404
sports_55	sit	f	24	15	5	2.5	1	0.00	0.00	33	33	12	21	18	14	45.83	44.44	12	21	18	14	3	1	2	1	0	1	0.96	0.93	0.93	1.00	0.97	0.89	3.85	3.24	3.33	4.38	3.80	2.67	445	403	464	426	386	420
sports_56	sit	f	24	18	5	4.6	1	0.00	0.00	35	26	15	18	17	7	45.83	33.33	15	18	17	7	6	6	2	4	2	4	0.98	0.97	0.96	1.00	0.98	0.97	4.03	3.85	3.69	4.37	4.10	3.60	450	373	472	428	350	396
sports_57	sit	f	27	20	5	2.2	1.4	1.00	0.50	9	13	1	8	4	9	12.50	18.06	1	8	4	9	11	11	7	4	8	3	0.97	0.86	0.96	0.98	0.93	0.78	3.65	2.41	3.43	3.88	3.15	1.66	446	392	468	424	372	412
sports_58	sit	m	24	1	4	2.56	1.6	1.00	1.00	18	19	10	6	9	10	22.22	26.39	10	6	9	10	1	2	1	0	2	0	0.79	0.84	0.79	0.79	0.96	0.72	2.11	2.62	2.10	2.13	3.69	1.55	390	368	372	408	340	396
sports_59	sit	m	34	4	3	2.8	1.1	1.50	1.50	29	16	11	18	10	6	40.28	22.22	11	18	10	6	4	3	3	1	0	3	0.99	1.00	1.00	0.98	1.00	1.00	4.22	4.38	4.38	4.07	4.38	4.38	412	398	404	420	376	420
sports_61	sit	m	25	14	2	2.44	1.3	0.00	3.00	37	30	17	18	12	15	48.61	37.50	17	18	12	15	2	1	1	1	0	1	0.98	0.98	0.99	0.96	0.99	0.98	3.99	3.98	4.38	3.60	4.07	3.88	398	392	392	404	388	396
sports_62	sit	f	21	10	3	3.1	1.1	0.00	0.00	29	21	13	14	6	15	37.50	29.17	13	14	6	15	5	4	3	2	1	3	0.97	0.99	0.97	0.98	0.99	0.99	3.88	4.07	3.69	4.07	4.07	4.07	397	433	382	412	446	420
sports_63	sit	m	28	25	3	3.1	1	0.00	0.00	18	16	12	6	5	11	25.00	22.22	12	6	5	11	4	3	0	4	2	1	0.97	0.94	0.97	0.97	0.93	0.95	3.70	3.10	3.80	3.60	2.81	3.39	482	449	512	452	462	436
sports_64	sit	f	24	2	5	2.2	1	0.00	0.50	26	29	13	13	14	14	36.11	38.89	13	13	14	14	3	6	1	2	4	2	0.92	0.91	0.96	0.89	0.89	0.93	2.95	2.58	3.60	2.31	2.35	2.82	416	419	404	428	426	412
sports_65	sit	f	25	10	5	4.3	1.4	0.00	0.00	21	11	10	11	6	5	29.17	15.28	10	11	6	5	3	6	1	2	3	3	0.64	0.46	0.89	0.38		0.46	1.52	0.52	2.45	0.58		0.52	393	393	374	412	374	412
sports_66	sit	f	23	13	4	3.5	1	0.00	0.00	16	15	9	7	6	9	22.22	20.83	9	7	6	9	3	3	1	2	1	2	0.65	0.97	0.94	0.36		0.97	1.70	3.93	3.10	0.31		3.93	430	430	448	412	448	412
sports_67	sit	f	22	17	3	3.4	1.1	0.50	0.50	23	18	15	7	7	11	30.56	25.00	15	7	7	11	3	1	1	2	0	1	0.85	0.69	0.85	0.86	0.79	0.59	2.85	2.03	2.82	2.89	2.30	1.77	436	439	444	428	450	428
sports_68	sit	m	28	10	4	2.1	2.1	2.00	8.00	11	7	4	7	2	5	15.28	13.19	4	7	2	5	2	7	1	1	3	4	0.95	0.70	0.95	0.96	0.48	0.91	3.32	1.86	3.14	3.50	1.07	2.66	402	396	392	412	388	404
sports_69	bike	m	23	7	3	3.2	1	3.00	1.50	24	32	12	11	15	17	31.94	44.44	12	11	15	17	2	6	2	0	5	1	0.79	0.78		0.79		0.78	2.51	2.24		2.51		2.24	408	404	388	428	388	420
sports_70	bike	m	24	16	5	2.5	1.1	7.00	7.00	37	49	20	16	24	25	50.00	68.06	20	16	24	25	7	8	3	4	5	3	0.44	0.65		0.44	0.97	0.34	1.07	1.80		1.07	3.88	-0.28	404	437	388	420	454	420
sports_71	sit	f	22	15	5	2.4	1.1	0.50	0.50	20	21	10	10	11	10	27.78	29.17	10	10	11	10	5	4	3	2	1	3	0.87	0.94		0.87		0.94	2.36	3.05		2.36		3.05	448	445	454	442	454	436
sports_72	bike	m	21	6	4	2.2	1	3.00	4.00	35	35	16	19	17	18	48.61	48.61	16	19	17	18	2	7	0	2	2	5	0.74	0.85		0.74	0.81	0.89	1.51	2.51		1.51	2.38	2.63	452	480	454	450	512	448
sports_73	sit	f	31	10	3	1.8	1.4	0.00	0.00	13	8	4	9	5	3	18.06	12.12	4	9	5	3	7	8	6	1	4	4		0.60			0.48	0.72	0.00	0.86	0.00	0.00	0.51	1.21		462			504	420
sports_74	bike	f	25	4	3	3	1.1	6.00	3.50	19	17	11	8	9	8	26.39	23.61	11	8	9	8	5	6	1	4	3	3	0.85	0.87	0.83	0.87	0.88	0.85	2.03	2.19	1.87	2.19	2.28	2.10	328	334	280	376	288	380
sports_75	sit	f	24	2	3	3.1	1	0.00	0.00	17	21	10	7	11	10	23.61	29.17	10	7	11	10	2	5	1	1	3	2	0.88	0.92	0.92	0.85	0.91	0.94	2.47	2.80	2.74	2.19	2.55	3.05	358	350	320	396	312	388
sports_76	sit	m	23	7	3	2.1	1	0.00	0.00	20	14	11	9	10	4	27.78	19.60	11	9	10	4	3	8	0	3	2	6	0.73	0.34	0.80	0.67	0.35	0.34	1.90		2.16	1.64	0.16		366	366	344	388	344	388
sports_77	bike	m	27	9	2	3.1	1.1	7.00	5.00	8	4	6	2	3	1	11.11	5.56	6	2	3	1	4	6	4	0	4	2	0.92	0.83	0.90	0.95	0.87	0.79	2.81	1.76	2.47	3.15	2.10	1.42	424	422	428	420	424	420
sports_78	bike	f	21	11	2	3.4	1.1	3.50	3.00	23	22	9	14	10	10	31.94	27.78	9	14	10	10	9	5	5	4	2	3	0.76	0.70	0.76	0.77	0.60	0.79	1.62	1.32	1.44	1.79	0.96	1.68	408	385	412	404	374	396
sports_79	bike	m	24	10	3	2.5	1.1	5.00	3.50	19	22	9	10	13	9	26.39	30.56	9	10	13	9	4	2	2	2	2	0	0.97	0.97		0.97	0.96	0.98	3.80	3.80		3.80	3.50	4.10	397	445	374	420	462	428
sports_80	sit	f	21	15	5	2.6	1	0.00	0.00	17	9	8	9	4	5	23.61	12.50	8	9	4	5	9	5	4	5	0	5	0.89	0.90		0.89		0.90	2.31	2.48		2.31		2.48	447	455	462	432	462	448
sports_81	bike	m	24	19	5	3.9	1	2.50	1.00	13	18	7	6	7	11	18.06	25.00	7	6	7	11	6	6	2	4	3	3	0.90	0.93		0.90		0.93	2.63	3.15		2.63		3.15	437	461	462	412	462	460
sports_82	bike	m	27	15	3	3.6	1.1	2.00	7.50	14	11	7	7	6	5	19.44	15.28	7	7	6	5	6	5	3	3	3	2	0.87	0.95		0.87		0.95	2.19	3.33		2.19		3.33	474	444	462	486	462	426
sports_83	bike	f	24	21	3	3.5	1.7	7.50	6.00	19	12	8	10	7	5	25.00	16.67	8	10	7	5	26	26	11	15	14	12	0.78	0.95	0.73	0.83		0.95	1.64	3.16	1.28	2.01		3.16	365	365	342	388	342	388
sports_84	bike	m	24	15	4	2.6	1.1	5.50	1.50	18	12	11	7	6	6	25.00	16.67	11	7	6	6	3	7	1	2	2	5	0.97	0.98		0.97	0.97	0.99	3.80	4.09		3.80	3.80	4.38	407	450	342	472	472	428
sports_85	sit	m	31	26	2	1.3	1.2	0.00	0.50	9	13	6	3	6	7	12.50	18.06	6	3	6	7	6	3	4	2	0	3	0.90	0.38	0.91	0.89	0.42	0.33	2.73		2.68	2.78	0.97		435	438	450	420	456	420
sports_86	bike	f	25	25	4	2.1	1.1	7.50	8.00	29	30	11	16	20	10	37.50	41.67	11	16	20	10	0	2	0	0	1	1	0.97	0.95	0.95	0.99	0.94	0.95	3.88	3.31	3.39	4.37	3.10	3.52	497	466	520	474	488	444
sports_87	bike	f	24	12	3	3.2	1.3	4.50	5.00	32	33	15	17	20	12	44.44	44.44	15	17	20	12	8	6	5	3	2	4	0.56	0.91	0.26	0.87	0.93	0.89	2.10	2.69		2.10	2.95	2.42	510	516	528	492	540	492
sports_88	bike	f	34	3	3	3.44	1.1	6.50	4.50	42	41	24	18	21	19	58.33	55.56	24	18	21	19	2	6	1	1	1	5	0.96	0.97	0.95	0.97		0.97	3.67	3.60	3.60	3.73		3.60	410	415	400	420	400	430
sports_89	bike	f	24	13	3	2	1.1	3.50	0.50	19	31	12	7	20	11	26.39	43.06	12	7	20	11	4	3	2	2	0	3	0.68			0.68			1.26			1.26			418		400	436		
sports_90	swim	f	26	20	5	3.9	1.4	6.00	8.50	27	26	14	13	10	14	37.50	33.33	14	13	10	14	2	2	1	1	2	0	0.97	0.96	0.95	0.99	0.99	0.94	3.84	3.60	3.30	4.38	4.07	3.12	432	418	432	432	424	412
sports_91	swim	f	25	25	4	3.2	1.1	2.00	1.50	13	11	6	6	6	5	18.01	15.28	6	6	6	5	5	4	1	4	2	2	0.70	0.93	0.51	0.90	0.94	0.93	1.84	2.92	0.80	2.87	3.03	2.82	395	370	386	404	344	396
sports_92	swim	f	23	5	5	3.3	1	6.00	6.00	31	23	15	16	8	15	43.06	31.94	15	16	8	15	0	0	0	0	0	0	0.94	0.92	0.93	0.95	0.87	0.97	3.36	3.36	3.33	3.39	2.92	3.80	493	432	520	466	444	420
sports_93	swim	f	21	14	4	3.6	1	2.00	2.00	15	14	6	9	7	7	20.83	19.44	6	9	7	7	4	1	1	3	1	0	0.55	0.56	0.56	0.54	0.70	0.43	1.28	1.38	0.99	1.58	1.75	1.02	442	449	464	420	478	420
sports_94	swim	f	30	2	3	3.5	1	7.50	8.00	21	15	12	9	7	8	29.17	20.83	12	9	7	8	1	3	0	1	2	1	0.93	0.89	0.93	0.93	0.91	0.88	2.98	2.53	3.04	2.92	2.57	2.48	385	385	366	404	366	404
sports_95	swim	f	20	15	3	2.7	1	5.00	2.00	22	12	9	13	6	5	30.56	15.28	9	13	6	5	5	8	4	1	1	7	0.89	0.87	0.87	0.91	0.85	0.89	2.41	2.23	2.18	2.63	2.07	2.40	494	493	528	460	508	478
sports_96	swim	f	23	15	2	3.2	1.1	8.00	7.00	17	19	10	7	8	11	23.61	26.39	10	7	8	11	9	3	3	6	2	1	0.85	0.88	0.87	0.83	0.81	0.95	1.95	2.41	2.11	1.80	1.59	3.22	494	449	538	450	470	428
sports_97	swim	m	27	15	3	3.1	1	4.00	6.50	9	9	3	5	2	7	11.74	12.50	3	5	2	7	3	4	3	0	4	0	0.34	0.33	0.34	0.34	0.33	0.34							449	449	470	428	470	428
sports_98	swim	m	34	29	10	3.6	1.1	2.50	2.00	13	7	6	7	4	3	18.06	9.72	6	7	4	3	5	13	4	1	7	6	0.88	0.69	0.97	0.79	0.84	0.54	2.67	1.21	3.80	1.53	2.03	0.40	502	485	528	476	512	458
